825 3
826 2
827 4
828 4
829 13
830 36
831 73
832 41
833 66
834 53
835 50
836 166
837 249
838 267
839 237
840 309
841 460
842 534
843 542
844 461
845 551
846 778
847 847
848 1016
849 1253
850 1436
851 1700
852 2368
853 2981
854 2864
855 2773
856 2881
857 3148
858 3158
859 3306
860 3574
861 3531
862 3667
863 3263
864 3526
865 3778
866 3294
867 2452
868 1927
869 1578
870 1491
871 1470
872 1656
873 1471
874 1225
875 827
876 749
877 1203
878 1216
879 1123
880 1168
881 1100
882 858
883 929
884 775
885 656
886 580
887 569
888 572
889 608
890 760
891 819
892 557
893 736
894 474
895 325
896 253
897 505
898 335
899 289
900 208
901 147
902 248
903 274
904 331
905 537
906 398
907 124
908 73
909 90
910 192
911 285
912 307
913 254
914 271
915 174
916 197
917 139
918 65
919 82
920 50
921 33
922 84
923 111
924 85
925 35
926 60
927 99
928 104
929 145
930 115
931 76
932 61
933 16
934 14
935 36
936 50
937 136
938 149
939 80
940 88
941 219
942 116
943 77
944 209
945 195
946 132
947 44
948 49
949 71
950 39
951 15
952 38
953 71
954 102
955 60
956 20
957 10
958 5
959 5
960 8
961 10
962 10
963 5
964 11
965 19
966 57
967 73
968 67
969 71
970 56
971 22
972 11
973 10
974 10
975 8
976 14
977 46
978 105
979 74
980 43
981 16
982 18
983 12
984 6
985 9
986 1
987 5
988 3
989 10
990 20
991 29
992 63
993 23
994 99
995 98
996 6
997 5
998 4
999 3
1000 5
1001 4
1002 5
1003 8
1004 6
1005 10
1006 9
1007 2
1009 2
1010 1
1011 1
1012 1
1014 2
1015 1
1019 2
1020 2
1024 1
1026 1
1027 2
1028 1
1040 1
1045 1
1048 1
1050 1
1052 1
1056 1
1061 2
1062 1
1064 1
1067 1
1069 1
1072 1
1074 1
1075 1
1078 1
1088 1
1091 1
1096 1
1110 1
1112 1
1117 2
1118 1
1120 1
1122 1
1123 1
1124 1
1125 1
1126 1
1131 1
1136 1
1143 1
1156 2
1163 1
1168 1
1172 1
1178 1
1179 1
1183 1
1184 1
1190 1
1195 1
1202 1
1215 1
1220 1
1229 1
1237 1
1247 1
1310 1
1339 1
1373 1
1421 1
1442 1
1456 1
1467 1
1480 1
1500 1
1514 1
1534 1
1549 1
1581 1
1602 1
1652 1
1747 1
1775 1
1834 1
1875 1
1881 1
1889 1
1893 1
1898 1
1903 1
1904 1
1908 1
1915 1
1918 1
1920 1
1922 1
1923 2
1926 1
1933 1
1944 1
1946 1
1951 1
1954 1
1958 1
1960 1
1964 1
1965 1
1967 1
1968 1
1970 1
1973 1
1976 1
1982 1
1985 1
1987 1
1990 1
1992 1
1993 1
1994 1
1995 1
2000 1
2004 1
2006 1
2009 1
2011 1
2012 1
2013 1
2015 1
2016 1
2018 1
2019 1
2022 2
2023 1
2025 1
2030 1
2031 1
2036 1
2037 1
2039 1
2045 1
2047 1
2049 1
2054 1
2058 1
2062 1
2067 1
2071 1
2075 1
2079 1
2092 1
2107 1
2108 1
2112 1
2124 1
2129 1
2135 1
2142 1
2155 1
2162 1
2169 1
2187 1
2206 2
2208 1
2209 1
2211 1
2212 1
2213 1
2215 1
2216 1
2217 1
2219 2
2220 1
2222 1
2225 1
2231 1
2237 1
2253 1
2262 1
2267 1
2270 1
2277 1
2282 1
2307 1
2320 1
2337 1
2364 1
2374 1
2385 1
2401 1
2432 1
2458 1
2461 1
2463 1
2469 1
2470 1
2472 1
2473 1
2475 1
2480 1
2482 1
2485 2
2487 1
2489 1
2490 2
2493 1
2495 1
2498 1
2504 1
2508 1
2509 1
2511 1
2513 1
2514 1
2517 2
2521 1
2524 1
2525 1
2526 1
2528 1
2530 1
2532 3
2534 1
2537 1
2539 2
2542 2
2544 1
2545 1
2546 2
2549 1
2550 5
2551 1
2553 1
2554 1
2557 1
2561 1
2562 1
2564 2
2565 1
2566 1
2567 1
2570 1
2572 1
2575 1
2578 2
2580 2
2582 1
2585 4
2587 2
2588 2
2590 4
2591 1
2592 2
2594 2
2596 2
2597 1
2599 1
2600 2
2602 1
2603 1
2606 2
2608 2
2610 1
2615 1
2617 1
2619 3
2621 1
2624 1
2625 1
2627 1
2634 1
2635 1
2636 1
2638 1
2640 1
2642 1
2645 1
2646 1
2647 1
2649 1
2651 1
2652 1
2657 1
2662 1
2663 1
2665 1
2668 1
2672 1
2675 1
2677 1
2680 1
2682 1
2683 1
2686 1
2692 1
2693 1
2695 1
2696 1
2697 1
2701 1
2708 1
2718 1
2733 1
2744 1
2751 1
2770 1
2788 1
2906 1
2931 1
2960 1
2981 1
3017 1
3049 1
3067 1
3083 1
3103 1
3123 1
3149 1
3150 1
3152 1
3155 2
3159 1
3164 1
3176 1
3184 1
3191 1
3200 1
3214 1
3225 1
3244 1
3267 1
3275 1
3277 1
3279 1
3280 1
3282 1
3284 1
3286 1
3289 1
3292 1
3294 1
3295 2
3298 1
3306 1
3307 1
3309 1
3314 1
3316 1
3317 1
3321 1
3332 1
3338 1
3347 1
3371 1
3390 1
3434 1
3457 1
3478 1
3557 1
3593 1
3625 1
3667 1
3670 1
3671 2
3675 1
3677 1
3679 1
3680 1
3682 1
3685 1
3687 1
3691 1
3692 1
3694 2
3697 1
3698 1
3700 3
3703 1
3704 1
3706 1
3707 1
3708 1
3711 1
3712 2
3715 1
3717 1
3718 1
3720 1
3722 3
3723 1
3724 2
3726 2
3727 1
3728 1
3730 1
3731 1
3734 1
3737 1
3739 1
3740 2
3742 1
3743 1
3744 1
3745 1
3746 1
3747 1
3748 1
3750 1
3751 2
3752 1
3753 2
3755 1
3756 1
3757 1
3758 1
3761 1
3762 1
3763 1
3764 1
3766 1
3768 1
3770 1
3771 1
3772 1
3774 1
3775 1
3777 1
3780 1
3784 2
3785 1
3787 1
3788 3
3790 2
3791 1
3792 1
3796 1
3803 1
3805 1
3807 1
3810 1
3813 1
3816 1
3817 1
3821 1
3825 3
3827 1
3829 1
3832 1
3834 1
3837 1
3838 2
3839 1
3841 2
3844 1
3847 2
3851 1
3854 3
3856 1
3858 2
3859 1
3861 2
3863 1
3864 1
3866 1
3868 1
3871 1
3872 1
3874 2
3876 1
3878 1
3879 1
3881 2
3883 1
3887 3
3888 1
3889 1
3890 1
3892 1
3896 1
3899 1
3904 1
3905 1
3907 1
3908 1
3912 2
3913 1
3915 1
3916 1
3918 1
3919 1
3920 2
3921 1
3924 1
3927 2
3929 1
3935 1
3937 2
3940 1
3944 1
3947 2
3950 1
3956 1
3961 1
3963 1
3966 2
3968 1
3971 1
3973 2
3974 1
3976 1
3978 1
3980 1
3982 1
3984 2
3985 2
3988 1
3989 1
3992 1
3996 1
4001 1
4003 1
4008 1
4010 2
4013 1
4014 2
4015 2
4017 1
4018 1
4020 1
4022 1
4023 2
4025 1
4026 1
4028 1
4033 1
4034 2
4040 1
4045 1
4046 1
4048 1
4050 1
4051 1
4053 1
4055 1
4057 1
4061 2
4063 1
4064 1
4067 2
4068 1
4069 1
4072 2
4075 2
4077 1
4078 1
4079 1
4082 1
4083 1
4084 1
4091 1
4094 1
4097 1
4098 1
4100 1
4101 1
4105 2
4106 1
4107 1
4113 1
4114 1
4117 1
4122 1
4124 1
4125 3
4127 1
4128 1
4130 1
4131 1
4134 1
4139 1
4143 1
4144 1
4146 1
4148 1
4152 1
4154 1
4156 1
4158 1
4164 1
4165 2
4167 1
4169 1
4170 1
4172 1
4175 1
4177 1
4181 1
4184 1
4186 1
4188 4
4191 1
4193 2
4194 2
4196 1
4198 1
4200 1
4203 1
4204 2
4206 1
4207 1
4210 1
4214 1
4215 1
4217 1
4220 1
4224 2
4225 1
4227 1
4230 1
4231 1
4233 1
4234 1
4236 1
4239 2
4240 2
4242 2
4245 1
4249 1
4250 1
4251 1
4252 1
4253 1
4254 1
4255 1
4256 2
4259 1
4263 1
4265 1
4268 2
4272 2
4275 1
4319 1
4321 1
4327 1
4330 1
4334 1
4336 1
4339 1
4342 1
4350 1
4353 1
4356 1
5715 1
5756 1
5797 1
5877 1
5956 1
5997 1
38672 1
38713 1
48791 1
48833 1
49402 1
50059 1
50100 1
58969 1
69712 1
77720 1
77761 1
77802 1
78903 1
