822 2
823 2
824 3
825 3
826 5
827 16
828 18
829 19
830 56
831 82
832 142
833 201
834 123
835 66
836 78
837 89
838 268
839 386
840 274
841 327
842 317
843 508
844 626
845 872
846 900
847 1389
848 2109
849 2213
850 1781
851 1889
852 1722
853 1591
854 1883
855 3146
856 3862
857 3754
858 3549
859 2931
860 2247
861 2032
862 1966
863 2813
864 3522
865 3974
866 3729
867 2463
868 2001
869 2155
870 2078
871 1890
872 1662
873 1678
874 1677
875 1404
876 982
877 1003
878 1373
879 1421
880 1435
881 1019
882 779
883 710
884 586
885 699
886 646
887 592
888 667
889 742
890 553
891 530
892 490
893 433
894 343
895 310
896 435
897 575
898 252
899 104
900 100
901 142
902 153
903 387
904 436
905 283
906 232
907 160
908 152
909 111
910 86
911 51
912 58
913 135
914 240
915 289
916 176
917 239
918 226
919 182
920 226
921 176
922 103
923 100
924 151
925 40
926 70
927 46
928 8
929 11
930 14
931 15
932 45
933 123
934 151
935 200
936 205
937 132
938 59
939 92
940 205
941 116
942 54
943 54
944 22
945 29
946 101
947 76
948 4
949 3
950 2
951 7
952 7
953 3
954 3
955 7
956 3
957 5
958 12
959 37
960 39
961 6
962 5
963 7
964 12
965 33
966 51
967 17
968 17
969 24
970 31
971 76
972 101
973 90
974 36
975 82
976 67
977 52
978 17
979 16
980 32
981 20
982 28
983 99
984 55
985 15
986 6
987 4
988 6
989 3
990 4
991 3
992 9
993 64
994 116
995 27
996 7
997 3
998 4
999 8
1000 4
1001 4
1002 5
1003 14
1004 19
1005 9
1006 17
1007 20
1008 12
1009 8
1010 20
1011 32
1012 24
1013 4
1014 4
1015 2
1016 2
1018 2
1020 2
1021 5
1022 6
1023 1
1024 1
1025 1
1026 1
1027 1
1029 2
1030 1
1032 1
1033 1
1034 1
1035 1
1037 1
1040 1
1043 1
1044 2
1045 1
1047 1
1048 2
1050 1
1051 1
1052 2
1053 1
1056 1
1057 1
1060 2
1061 3
1062 1
1064 2
1065 1
1066 1
1067 1
1068 1
1069 1
1070 1
1072 1
1073 1
1076 3
1077 1
1079 1
1080 1
1082 2
1083 1
1086 1
1087 2
1090 1
1094 1
1096 1
1097 1
1099 1
1102 1
1104 1
1107 1
1110 1
1111 1
1112 2
1113 1
1115 1
1118 1
1122 1
1126 1
1127 1
1129 1
1132 1
1136 1
1146 1
1162 1
1169 2
1170 1
1174 1
1178 1
1180 1
1197 1
1229 1
1237 1
1273 1
1285 1
1302 1
1317 1
1318 1
1319 1
1322 1
1325 1
1327 1
1329 1
1332 1
1334 1
1339 1
1344 1
1346 1
1350 1
1351 1
1353 1
1356 1
1358 1
1360 1
1364 1
1373 1
1375 1
1380 1
1385 1
1395 1
1401 1
1408 1
1421 1
1430 1
1440 1
1448 1
1458 1
1469 1
1480 1
1490 1
1493 1
1498 1
1502 1
1505 1
1506 1
1507 1
1508 1
1516 2
1519 1
1520 1
1524 1
1532 1
1538 1
1540 1
1542 1
1545 1
1546 2
1547 1
1548 1
1551 1
1555 2
1558 1
1559 1
1563 1
1565 1
1572 1
1575 1
1577 1
1579 1
1584 1
1585 2
1590 1
1591 1
1592 1
1593 1
1596 1
1601 1
1603 1
1605 1
1610 1
1613 1
1615 1
1617 1
1618 1
1619 1
1620 1
1622 1
1625 1
1629 1
1631 1
1633 1
1635 1
1636 1
1643 1
1649 1
1654 1
1655 1
1656 1
1657 2
1659 1
1661 1
1662 1
1665 1
1666 1
1668 1
1669 1
1670 1
1672 1
1673 1
1676 1
1677 2
1679 1
1680 1
1685 1
1689 1
1691 1
1693 1
1694 1
1697 1
1700 1
1703 2
1704 1
1706 1
1709 2
1710 2
1714 1
1715 1
1716 1
1717 1
1719 1
1720 1
1722 2
1725 2
1727 1
1728 1
1729 2
1730 2
1731 1
1733 2
1734 2
1736 1
1738 1
1740 3
1743 1
1745 1
1748 1
1752 1
1753 1
1754 1
1755 1
1757 2
1758 1
1761 2
1765 1
1769 1
1770 1
1772 1
1774 2
1780 1
1783 1
1784 1
1785 1
1787 1
1790 1
1792 1
1794 1
1798 1
1799 1
1802 1
1806 2
1808 1
1810 1
1813 1
1817 1
1822 2
1824 1
1827 1
1829 1
1834 1
1837 1
1842 1
1843 1
1845 1
1846 1
1848 1
1850 1
1852 2
1853 1
1854 1
1858 1
1860 2
1864 1
1866 1
1867 1
1868 1
1869 2
1872 1
1875 1
1877 1
1879 2
1881 2
1883 1
1886 1
1887 2
1889 1
1891 1
1893 1
1894 1
1895 1
1897 3
1899 1
1900 2
1903 1
1907 1
1914 1
1916 1
1917 1
1919 1
1922 1
1924 2
1925 1
1928 1
1932 1
1933 1
1935 1
1936 1
1940 1
1942 1
1944 1
1945 1
1948 1
1949 1
1953 1
1957 1
1960 1
1961 3
1964 1
1967 2
1969 1
1971 2
1972 1
1973 1
1975 1
1976 1
1977 1
1978 2
1979 1
1980 1
1983 1
1987 1
1992 1
1998 1
1999 1
2000 1
2005 1
2007 1
2014 1
2025 1
2030 1
2031 1
2032 1
2033 1
2034 1
2036 1
2041 1
2045 1
2049 1
2053 1
2055 1
2057 1
2062 1
2063 1
2066 1
2067 1
2073 1
2074 1
2075 1
2078 1
2083 1
2084 1
2087 1
2088 1
2090 1
2094 1
2095 1
2097 1
2098 1
2099 2
2100 1
2101 1
2102 1
2103 2
2106 1
2107 1
2111 1
2113 1
2115 1
2117 1
2118 2
2120 1
2121 1
2123 1
2124 2
2125 1
2126 1
2127 3
2129 1
2132 1
2133 1
2136 2
2137 2
2142 1
2143 1
2146 1
2147 1
2148 1
2149 1
2151 1
2154 2
2156 1
2157 1
2159 1
2160 1
2161 1
2163 1
2166 1
2167 1
2168 2
2170 1
2175 1
2177 1
2178 2
2180 2
2185 1
2186 2
2188 2
2191 1
2192 1
2193 1
2194 1
2196 1
2199 1
2200 1
2201 1
2203 1
2204 2
2206 2
2207 1
2208 2
2209 1
2210 1
2211 2
2213 2
2215 2
2218 1
2219 1
2222 2
2223 1
2224 2
2226 2
2229 1
2232 2
2234 1
2235 1
2236 1
2238 1
2240 1
2241 2
2243 1
2244 1
2246 1
2248 2
2249 1
2252 2
2254 1
2255 1
2257 1
2259 1
2262 1
2266 1
2267 2
2269 2
2272 1
2275 3
2277 1
2283 1
2286 1
2288 2
2293 1
2295 1
2297 1
2298 1
2299 1
2303 1
2305 1
2306 1
2309 1
2316 1
2317 1
2318 1
2323 1
2325 1
2328 1
2330 1
2333 1
2334 1
2338 1
2341 1
2342 1
2345 1
2349 1
2351 1
2352 1
2354 1
2359 1
2360 1
2362 1
2363 1
2365 1
2369 1
2371 1
2374 1
2375 1
2376 1
2380 1
2382 1
2384 1
2387 1
2388 1
2390 1
2391 1
2392 1
2394 1
2396 1
2398 1
2399 2
2400 1
2402 1
2403 1
2405 2
2406 1
2407 1
2409 1
2414 2
2416 2
2417 2
2418 1
2420 1
2421 1
2423 1
2424 1
2425 1
2429 2
2431 1
2432 1
2433 1
2435 1
2440 1
2443 1
2445 1
2446 1
2451 1
2452 1
2454 1
2455 1
2456 3
2459 1
2462 1
2464 1
2468 1
2471 1
2472 1
2473 1
2475 1
2477 1
2478 2
2479 1
2481 1
2487 1
2488 1
2489 1
2492 1
2493 1
2495 1
2498 2
2503 1
2507 1
2511 1
2512 1
2518 1
2519 1
2521 1
2524 1
2525 2
2526 1
2528 1
2530 1
2531 1
2533 2
2534 1
2537 1
2538 2
2540 1
2544 2
2545 1
2548 1
2551 1
2552 1
2553 1
2554 1
2557 1
2560 1
2563 1
2564 1
2565 1
2567 1
2569 1
2572 2
2575 1
2576 1
2580 1
2582 1
2584 2
2590 2
2594 2
2596 1
2600 1
2602 1
2604 1
2605 1
2607 2
2610 1
2614 1
2616 1
2620 1
2621 1
2623 1
2624 1
2627 1
2628 1
2631 1
2635 1
2636 1
2638 1
2639 1
2640 1
2642 1
2646 2
2948 1
2952 3
2957 1
2960 1
2964 1
2968 1
7896 2
7981 2
8058 1
8342 1
14456 2
14458 1
14461 1
14464 1
20170 1
20211 1
20252 1
20293 1
20334 1
20375 1
20453 1
20494 1
20535 1
20576 1
20655 1
33301 1
33796 1
34163 1
45476 1
45555 1
59459 1
70665 1
71171 1
72194 1
72414 1
72453 1
77990 1
78032 1
78853 1
