803 3
804 3
805 1
806 2
807 3
808 4
809 3
810 3
811 4
812 5
813 4
814 8
815 12
816 7
817 15
818 9
819 9
820 3
821 11
822 7
823 12
824 19
825 10
826 11
827 13
828 32
829 31
830 54
831 24
832 22
833 71
834 51
835 146
836 90
837 138
838 180
839 377
840 443
841 573
842 386
843 468
844 821
845 834
846 796
847 1213
848 1470
849 1899
850 1824
851 2245
852 2738
853 3304
854 3628
855 3697
856 3320
857 2540
858 2021
859 1809
860 2375
861 3087
862 3371
863 3383
864 3003
865 2515
866 2200
867 2229
868 2234
869 2296
870 2286
871 2233
872 2084
873 1989
874 1622
875 1448
876 1679
877 1174
878 1103
879 1262
880 799
881 575
882 753
883 1045
884 557
885 427
886 430
887 534
888 608
889 373
890 300
891 576
892 541
893 311
894 239
895 177
896 406
897 583
898 389
899 408
900 204
901 142
902 196
903 401
904 329
905 188
906 123
907 92
908 150
909 330
910 447
911 327
912 313
913 224
914 293
915 152
916 38
917 35
918 29
919 18
920 31
921 80
922 92
923 158
924 128
925 69
926 111
927 109
928 80
929 120
930 65
931 48
932 21
933 14
934 11
935 22
936 93
937 133
938 55
939 57
940 82
941 77
942 52
943 55
944 38
945 60
946 140
947 125
948 104
949 176
950 138
951 124
952 79
953 84
954 77
955 18
956 8
957 26
958 19
959 6
960 4
961 11
962 17
963 34
964 18
965 15
966 17
967 15
968 28
969 44
970 45
971 43
972 70
973 93
974 16
975 12
976 10
977 33
978 75
979 36
980 19
981 11
982 27
983 33
984 11
985 7
986 4
987 14
988 11
989 17
990 14
991 19
992 28
993 27
994 14
995 17
996 8
997 9
998 9
999 28
1000 47
1001 60
1002 44
1003 12
1004 1
1005 1
1006 3
1007 3
1008 1
1009 1
1010 1
1011 1
1013 2
1014 1
1016 1
1017 1
1021 1
1023 1
1027 1
1028 1
1031 1
1033 1
1037 1
1039 1
1040 1
1042 1
1045 1
1047 1
1050 1
1051 2
1053 1
1057 1
1059 1
1060 1
1061 1
1064 1
1068 1
1069 1
1071 2
1075 1
1078 1
1081 2
1083 1
1084 1
1085 1
1090 1
1095 1
1096 1
1099 1
1101 1
1103 1
1106 2
1111 1
1114 2
1115 1
1119 1
1126 1
1127 1
1130 1
1147 1
1152 1
1160 1
1173 1
1183 1
1198 1
1204 1
1218 1
1227 1
1254 1
1267 1
1296 1
1335 1
1377 1
1402 1
1406 1
1408 1
1413 1
1415 1
1425 1
1430 1
1434 1
1435 1
1442 1
1448 1
1466 1
1472 1
1474 1
1477 1
1480 1
1485 1
1491 1
1502 1
1510 1
1567 1
1569 1
1574 1
1582 1
1590 1
1591 1
1596 2
1598 1
1609 1
1614 1
1615 1
1616 1
1620 1
1623 1
1624 2
1626 1
1628 1
1629 1
1632 1
1633 1
1638 1
1643 1
1645 1
1649 2
1650 1
1652 1
1653 1
1654 1
1660 1
1662 1
1664 1
1666 1
1669 1
1674 1
1677 2
1678 1
1679 1
1681 2
1683 1
1684 2
1685 1
1686 1
1687 2
1689 1
1690 1
1691 1
1693 2
1695 1
1697 1
1698 2
1699 1
1700 1
1702 1
1705 1
1706 1
1708 1
1709 2
1711 1
1713 1
1714 1
1715 1
1717 4
1720 1
1721 1
1722 1
1724 2
1727 1
1728 1
1731 1
1732 1
1734 3
1735 1
1736 1
1738 1
1740 1
1743 1
1744 1
1746 1
1749 1
1751 1
1752 1
1755 1
1757 1
1762 1
1766 1
1772 1
1774 1
1775 1
1776 1
1778 1
1784 1
1788 2
1792 1
1800 1
1803 1
1804 1
1805 1
1807 1
1810 1
1813 2
1814 2
1815 1
1816 1
1818 1
1824 1
1828 1
1835 1
1842 1
1848 1
1854 1
1863 1
1896 1
1911 1
1913 1
1916 1
1917 1
1919 2
1920 2
1921 1
1923 1
1924 2
1930 1
1933 1
1937 1
1939 1
1942 1
1948 1
1952 2
1955 1
1959 2
1960 1
1961 1
1964 1
1966 2
1967 1
1968 1
1970 1
1975 1
1977 1
1980 1
1984 1
1989 1
1990 1
1992 1
1999 1
2001 1
2003 1
2006 1
2008 1
2010 2
2012 2
2016 1
2018 1
2023 1
2025 1
2027 2
2030 1
2034 1
2038 1
2045 1
2047 1
2051 1
2053 1
2055 1
2057 1
2060 1
2062 1
2063 1
2064 1
2066 1
2073 1
2075 1
2076 1
2080 1
2088 1
2094 1
2102 1
2111 1
2119 1
2125 1
2128 1
2131 1
2136 1
2144 1
2154 1
2164 1
2171 1
2186 1
2191 1
2196 1
2200 1
2205 1
2216 1
2238 1
2249 1
2251 1
2252 1
2256 2
2258 1
2263 1
2269 1
2272 1
2279 1
2286 1
2298 1
2321 1
2335 1
2342 1
2350 1
2357 1
2367 1
2377 1
2392 1
2405 1
2424 1
2437 1
2455 1
2494 1
2511 1
2560 1
2578 1
2637 1
2694 1
2710 1
2727 1
2753 1
2889 1
2926 1
2954 1
3165 1
3345 1
3382 1
3518 1
3715 1
4077 1
4195 1
4256 1
4449 1
4536 1
4754 1
4923 1
5170 1
5309 1
5377 1
5425 1
5491 1
5598 1
5657 1
5699 1
5862 1
6251 1
6613 1
6654 1
6717 1
6770 1
6984 1
7031 1
7137 1
7184 1
7293 1
7334 1
7411 1
7479 1
7557 1
7561 1
7564 1
7568 1
7569 1
7573 1
7576 2
7579 1
7581 1
7585 1
7586 1
7588 2
7590 1
7597 1
7600 1
7601 1
7602 1
7603 1
7606 1
7613 1
7618 1
7622 1
7623 1
7630 1
7631 1
7633 1
7636 1
7639 1
7641 1
7643 2
7647 1
7651 1
7654 1
7655 1
7656 1
7657 1
7658 1
7661 2
7664 1
7665 1
7669 1
7674 1
7675 1
7677 1
7678 1
7680 1
7682 1
7683 1
7684 1
7686 2
7688 1
7694 1
7696 1
7697 1
7698 1
7700 1
7701 1
7705 1
7707 1
7711 1
7715 2
7716 1
7717 1
7719 1
7726 2
7729 1
7731 1
7733 1
7735 1
7736 1
7739 1
7743 3
7745 2
7747 1
7750 1
7759 1
7762 1
7764 2
7765 2
7768 1
7772 1
7773 1
7778 1
7779 2
7781 1
7782 1
7783 1
7786 1
7787 1
7788 1
7791 1
7794 1
7797 1
7801 1
7806 1
7807 2
7810 1
7812 2
7814 1
7815 1
7817 1
7820 3
7822 1
7824 2
7827 1
7829 1
7830 2
7833 3
7837 1
7841 1
7842 2
7844 3
7845 1
7847 1
7848 1
7849 1
7850 1
7851 1
7853 1
7854 1
7855 1
7856 1
7859 1
7861 1
7865 2
7866 1
7870 1
7871 2
7872 1
7873 1
7876 1
7879 1
7882 2
7884 1
7886 1
7888 1
7890 1
7892 1
7893 2
7895 1
7898 2
7899 1
7901 1
7902 1
7906 1
7910 1
7911 1
7913 1
7915 1
7916 1
7918 1
7919 2
7921 2
7922 1
7924 1
7926 1
7928 1
7931 1
7932 1
7933 1
7935 1
7937 1
7940 1
7943 1
7949 1
7953 1
7956 1
7957 1
7959 1
7960 1
7961 1
7964 1
7968 1
7972 1
7974 1
7980 1
7981 1
7982 1
7983 1
7984 1
7985 1
7986 1
7989 1
7993 1
7997 2
8001 1
8002 1
8004 2
8005 1
8008 1
8009 3
8011 2
8014 2
8015 1
8017 1
8018 1
8020 3
8022 1
8023 1
8026 2
8027 1
8034 2
8035 1
8039 1
8040 1
8042 2
8044 1
8046 2
8048 1
8050 1
8051 1
8052 1
8054 1
8055 1
8057 2
8059 1
8064 2
8066 1
8070 3
8071 1
8079 1
8081 1
8082 1
8084 1
8085 1
8088 1
8090 1
8094 1
8099 1
8102 1
8103 1
8106 1
8108 1
8109 1
8112 1
8113 1
8116 1
8119 1
8121 2
8122 1
8123 1
8125 1
8126 1
8128 1
8129 2
8130 1
8131 2
8135 1
8137 1
8139 1
8140 1
8143 1
8144 1
8145 2
8146 1
8147 1
8149 1
8150 2
8151 1
8153 2
8154 1
8156 2
8159 2
8160 1
8161 1
8162 1
8163 1
8166 1
8170 1
8171 2
8177 1
8185 2
8187 1
8191 1
8193 1
8194 1
8197 1
8199 1
8200 1
8201 1
8203 1
8204 1
8205 1
8208 1
8213 1
8221 1
8237 1
8244 1
8250 1
8257 1
8270 1
8285 1
8294 1
8303 1
8371 1
8377 1
8383 2
8388 1
8394 1
8399 1
8406 1
8410 2
8415 1
8420 1
8430 1
8437 1
8450 1
8452 1
8454 1
8456 1
8458 1
8460 1
8462 1
8463 1
8466 1
8470 2
8472 1
8473 1
8475 1
8478 1
8482 1
8483 1
8485 1
8486 1
8488 2
8493 1
8557 1
9579 1
9600 1
9619 1
9639 1
13124 1
13233 1
13236 2
13240 1
13242 1
13246 1
13248 1
13420 1
13423 1
13426 1
13430 1
13434 1
13436 1
13537 1
13541 1
13543 1
13546 1
16374 1
16390 1
16404 1
16419 1
22538 1
30507 1
30571 1
32255 1
32281 1
32305 1
35928 1
35969 1
36010 1
36051 1
36092 1
40604 1
40644 1
40684 1
40725 1
40765 1
40806 1
40845 1
41199 1
49112 1
49400 1
65040 1
79180 1
