793 1
795 1
796 1
797 2
798 2
799 1
801 1
802 1
803 1
804 4
805 2
806 3
807 4
808 2
809 1
810 11
811 5
812 3
813 5
814 7
815 13
816 7
817 15
818 16
819 10
820 10
821 13
822 13
823 34
824 27
825 39
826 32
827 108
828 51
829 47
830 121
831 111
832 172
833 40
834 25
835 25
836 115
837 137
838 270
839 236
840 199
841 274
842 216
843 234
844 629
845 992
846 944
847 1124
848 1180
849 1546
850 1780
851 1671
852 2036
853 2595
854 2522
855 3096
856 3205
857 3631
858 3645
859 3782
860 3921
861 3613
862 3944
863 3561
864 3741
865 3239
866 2893
867 2604
868 2231
869 1919
870 1832
871 1878
872 1692
873 1058
874 1119
875 1094
876 762
877 746
878 985
879 877
880 651
881 588
882 453
883 385
884 482
885 444
886 606
887 482
888 435
889 492
890 635
891 627
892 236
893 218
894 337
895 377
896 410
897 355
898 241
899 244
900 206
901 224
902 226
903 279
904 332
905 460
906 483
907 545
908 337
909 271
910 190
911 202
912 194
913 102
914 50
915 123
916 237
917 152
918 90
919 54
920 92
921 112
922 77
923 58
924 106
925 87
926 36
927 17
928 33
929 61
930 42
931 133
932 164
933 84
934 175
935 218
936 72
937 39
938 57
939 82
940 84
941 56
942 79
943 51
944 121
945 88
946 125
947 62
948 61
949 57
950 37
951 31
952 12
953 31
954 25
955 26
956 94
957 160
958 128
959 85
960 57
961 46
962 92
963 74
964 44
965 42
966 123
967 56
968 16
969 39
970 16
971 37
972 67
973 35
974 36
975 22
976 32
977 105
978 39
979 10
980 11
981 19
982 18
983 20
984 16
985 22
986 19
987 23
988 33
989 37
990 11
991 16
992 24
993 16
994 41
995 11
996 15
997 6
998 10
999 10
1000 14
1001 13
1002 18
1003 48
1004 36
1005 26
1006 9
1007 8
1008 15
1009 26
1010 15
1011 6
1012 8
1013 11
1014 6
1015 5
1016 6
1017 6
1018 12
1019 10
1020 16
1021 24
1022 11
1023 14
1024 11
1025 9
1026 11
1027 18
1028 7
1029 1
1030 2
1031 1
1032 1
1033 1
1034 1
1035 1
1038 1
1040 2
1041 1
1044 1
1047 1
1050 1
1053 1
1056 1
1057 1
1061 1
1063 1
1064 1
1065 1
1070 1
1072 1
1073 1
1075 1
1082 1
1083 1
1086 2
1088 1
1091 1
1093 1
1095 1
1097 1
1099 1
1100 1
1101 1
1103 1
1105 1
1108 1
1109 1
1111 1
1114 2
1115 1
1117 1
1118 1
1119 2
1123 1
1124 3
1127 1
1130 1
1133 2
1136 1
1137 1
1138 1
1139 1
1140 1
1141 2
1142 1
1144 2
1146 1
1147 1
1148 1
1151 3
1152 1
1153 2
1155 2
1157 1
1158 3
1159 1
1162 2
1163 1
1164 1
1167 1
1168 1
1169 1
1173 1
1174 2
1175 1
1176 1
1177 1
1179 1
1180 1
1184 1
1186 1
1187 1
1189 1
1192 1
1198 1
1200 1
1201 1
1202 1
1203 1
1205 1
1207 1
1210 1
1213 1
1216 2
1218 2
1221 1
1224 1
1226 1
1238 1
1244 1
1251 1
1262 1
1281 1
1284 1
1285 1
1287 1
1293 1
1300 1
1306 1
1309 1
1311 1
1312 1
1314 2
1315 2
1317 1
1319 2
1324 1
1329 1
1330 1
1331 1
1333 1
1334 1
1336 1
1339 1
1342 1
1343 1
1344 1
1345 1
1347 1
1349 1
1352 1
1358 1
1359 1
1360 1
1361 2
1366 1
1368 1
1371 1
1376 1
1379 1
1383 1
1385 1
1389 1
1393 1
1395 1
1397 1
1400 1
1407 1
1408 1
1409 1
1410 1
1412 1
1414 1
1416 1
1420 1
1422 1
1423 1
1425 1
1426 1
1428 1
1429 1
1433 1
1436 1
1437 1
1444 1
1447 1
1450 1
1455 1
1457 1
1461 1
1462 1
1464 1
1465 1
1469 2
1470 2
1475 1
1480 2
1482 1
1483 1
1486 1
1487 1
1489 1
1491 1
1495 1
1497 1
1501 1
1502 1
1503 1
1510 1
1515 1
1519 1
1520 1
1521 1
1522 1
1524 1
1527 1
1536 1
1538 1
1539 1
1543 1
1547 1
1551 2
1554 2
1555 1
1557 1
1559 1
1562 1
1564 1
1566 1
1568 1
1570 1
1577 1
1580 1
1582 1
1583 1
1584 1
1587 1
1588 1
1589 1
1590 1
1592 1
1595 1
1596 1
1598 1
1599 1
1601 1
1603 1
1604 1
1606 3
1609 3
1610 1
1611 1
1613 1
1615 1
1616 1
1617 1
1618 1
1620 1
1624 1
1625 2
1626 1
1629 2
1630 1
1631 1
1632 1
1634 1
1635 1
1637 1
1638 1
1639 1
1642 1
1643 1
1644 1
1645 1
1647 2
1650 2
1651 1
1652 1
1653 2
1654 1
1655 2
1656 1
1657 2
1658 2
1660 1
1661 1
1662 1
1663 2
1666 3
1668 2
1669 2
1673 1
1674 1
1676 1
1677 1
1683 1
1686 1
1692 1
1694 1
1697 1
1698 1
1703 1
1709 1
1714 1
1719 1
1724 1
1731 1
1735 1
1739 1
1743 1
1744 1
1749 1
1750 1
1752 1
1754 1
1756 1
1758 1
1761 1
1762 1
1765 1
1768 1
1778 1
1786 1
1809 1
1819 1
1825 1
1833 1
1840 1
1845 1
1847 1
1850 1
1854 1
1860 1
1864 1
1866 1
1871 1
1873 1
1875 1
1880 2
1882 1
1883 2
1884 1
1885 1
1887 3
1888 1
1889 1
1890 1
1891 2
1894 1
1896 1
1897 1
1899 1
1904 1
1908 2
1909 1
1910 1
1911 1
1913 1
1916 1
1919 1
1920 1
1922 1
1926 2
1927 1
1928 1
1931 1
1933 3
1934 1
1935 1
1939 1
1941 1
1943 1
1945 1
1949 1
1950 2
1951 1
1952 1
1954 1
1955 1
1956 1
1957 1
1961 1
1962 1
1963 1
1967 1
1971 1
1972 1
1974 2
1978 1
1979 2
1982 1
1991 1
1992 2
1994 1
1995 1
1996 1
1999 1
2003 1
2005 2
2006 1
2008 1
2010 1
2013 1
2015 2
2018 1
2019 1
2021 1
2022 1
2024 1
2027 1
2028 2
2030 1
2032 1
2033 2
2035 1
2038 1
2041 2
2044 1
2048 1
2053 1
2060 1
2065 1
2077 1
2084 1
2116 1
2156 1
2177 1
2180 1
2182 1
2183 1
2186 1
2188 1
2190 1
2193 1
2196 1
2197 1
2198 1
2200 1
2202 1
2203 1
2205 1
2208 1
2211 1
2212 1
2213 1
2215 1
2218 2
2220 1
2222 1
2227 1
2260 1
2270 1
2279 1
2290 1
2305 1
2363 1
2373 1
2385 1
2399 1
2409 1
2420 1
2431 1
2490 1
2499 1
2500 1
2502 1
2503 1
2504 2
2505 1
2508 1
2510 1
2515 1
2518 1
2521 1
2522 1
2525 1
2527 1
2528 3
2530 1
2535 1
2536 2
2537 1
2540 1
2548 1
2552 1
2561 1
2572 1
2581 1
2593 1
2595 1
2598 1
2600 1
2602 1
2606 1
2608 1
2610 1
2615 1
2618 4
2619 1
2621 1
2624 2
2627 1
2632 1
2638 1
2639 1
2644 1
2652 1
2661 1
2667 1
2673 1
2690 1
2700 1
2730 1
2745 1
2752 1
2756 1
2763 1
2769 1
2775 1
2786 1
2807 1
2833 1
2844 1
2861 1
2901 1
2931 1
2954 1
2981 1
2997 1
3019 1
3047 1
3062 1
3076 1
3087 1
3099 1
3104 1
3107 1
3118 1
3128 1
3133 1
3147 1
3150 1
3154 1
3156 1
3158 1
3159 1
3160 1
3161 3
3162 1
3167 1
3171 1
3182 2
3184 1
3189 1
3192 1
3194 1
3196 1
3197 2
3200 1
3210 1
3213 1
3221 1
3226 1
3231 1
3239 1
3247 1
3254 1
3265 1
3275 1
3299 1
3308 1
3318 1
3332 1
3341 1
3349 1
3352 1
3356 1
3364 1
3368 1
3375 1
3385 1
3394 1
3395 1
3402 1
3407 1
3413 1
3418 1
3429 1
3438 1
3443 1
3452 1
3461 1
3483 1
3491 1
3523 1
3545 1
3567 1
3587 1
3675 1
3694 1
3713 1
3729 1
3746 1
3760 1
3778 1
3793 1
3802 1
3817 1
3832 1
3845 1
3914 1
3974 1
4001 1
4018 1
4037 1
4267 1
4269 1
4272 1
4274 1
4276 1
4281 1
4282 1
4342 1
4344 1
4350 1
4357 1
4368 1
4385 1
4391 1
4433 1
4441 1
4448 1
4456 1
4467 1
4479 1
4490 1
4498 1
4504 1
4511 1
4863 1
4879 1
4898 1
4919 1
4985 1
5009 1
5154 1
5251 1
5325 1
5554 1
5818 1
5859 1
6168 1
6903 1
6946 1
7028 1
7230 1
7271 1
7390 1
7454 1
8253 1
8313 1
8377 1
8563 1
8603 1
8685 1
8731 1
8808 1
8861 1
8902 1
8942 1
8984 1
9087 1
9134 1
9198 1
9240 1
9294 1
9340 1
9387 1
9429 1
9475 1
9540 1
9775 1
9777 1
9778 1
9781 1
9783 1
9786 1
9787 1
9789 1
9790 1
9791 1
9792 2
9795 2
9796 1
9797 1
9798 1
9801 1
9804 1
9807 1
9811 1
9822 1
9824 1
9826 1
9827 2
9834 1
9837 1
9838 1
9839 1
9840 1
9842 1
9843 1
9845 1
9850 1
9852 4
9853 1
9855 1
9858 2
9861 1
9862 2
9865 1
9866 1
9868 1
9870 1
9873 1
9874 2
9876 2
9879 3
9880 1
9883 1
9884 1
9887 1
9888 2
9891 2
9892 1
9894 2
9905 2
9908 1
9912 2
9913 2
9917 1
9919 1
9922 1
9923 1
11719 1
20419 1
20462 1
20502 1
20542 1
20648 1
20689 1
20768 1
30131 1
30171 1
30290 1
30329 1
36450 1
43733 1
43774 1
44014 1
62532 1
62573 1
62614 1
63978 1
64018 1
64058 1
64386 1
64466 1
70965 1
71006 1
78797 1
