194 1
195 2
196 5
197 16
198 33
199 62
200 98
201 208
202 309
203 524
204 984
205 1755
206 2644
207 4420
208 6136
209 8354
210 11509
211 14981
212 18372
213 20859
214 23582
215 25084
216 26139
217 26762
218 25149
219 24016
220 21048
221 18033
222 16343
223 14125
224 12783
225 10854
226 9248
227 8260
228 7326
229 7032
230 6583
231 5892
232 6016
233 5410
234 5030
235 4825
236 4739
237 4139
238 3744
239 3593
240 3414
241 3199
242 2634
243 2874
244 2723
245 2431
246 2176
247 2234
248 1978
249 2197
250 1943
251 1631
252 1705
253 1663
254 1483
255 1397
256 1347
257 1308
258 1258
259 1173
260 1165
261 1102
262 1199
263 1034
264 1178
265 1154
266 1134
267 1024
268 885
269 867
270 802
271 865
272 729
273 837
274 782
275 800
276 571
277 559
278 699
279 563
280 646
281 616
282 540
283 629
284 546
285 561
286 557
287 491
288 420
289 361
290 422
291 373
292 448
293 392
294 377
295 383
296 387
297 368
298 380
299 387
300 388
301 272
302 229
303 200
304 281
305 217
306 258
307 299
308 222
309 274
310 273
311 293
312 348
313 299
314 197
315 181
316 210
317 212
318 165
319 152
320 152
321 126
322 127
323 211
324 255
325 216
326 219
327 197
328 189
329 149
330 147
331 160
332 116
333 94
334 102
335 76
336 98
337 139
338 111
339 148
340 189
341 170
342 232
343 137
344 165
345 65
346 58
347 89
348 105
349 89
350 40
351 62
352 91
353 78
354 118
355 98
356 96
357 61
358 81
359 122
360 137
361 100
362 88
363 82
364 61
365 53
366 52
367 73
368 38
369 58
370 66
371 74
372 59
373 59
374 65
375 63
376 83
377 60
378 68
379 53
380 47
381 31
382 44
383 37
384 23
385 42
386 28
387 39
388 55
389 37
390 34
391 37
392 49
393 66
394 41
395 30
396 45
397 80
398 97
399 55
400 39
401 65
402 36
403 23
404 41
405 26
406 13
407 18
408 32
409 18
410 25
411 29
412 24
413 34
414 50
415 50
416 35
417 20
418 12
419 18
420 28
421 23
422 9
423 28
424 20
425 14
426 6
427 3
428 8
429 7
430 29
431 35
432 33
433 19
434 33
435 36
436 51
437 26
438 13
439 23
440 18
441 23
442 28
443 14
444 15
445 11
446 20
447 21
448 11
449 7
450 13
451 38
452 22
453 13
454 5
455 9
456 17
457 24
458 17
459 18
460 8
461 10
462 16
463 20
464 6
465 5
466 3
467 9
468 6
469 7
470 6
471 9
472 7
473 9
474 13
475 15
476 8
477 18
478 18
479 23
480 21
481 21
482 17
483 17
484 10
485 7
486 7
487 10
488 12
489 11
490 3
491 4
492 5
493 9
494 2
495 7
496 8
497 14
498 14
499 15
500 11
501 8
502 18
503 11
504 7
505 4
506 10
507 9
508 2
509 2
510 5
511 7
512 3
513 2
514 5
515 5
516 3
517 7
518 1
519 4
520 1
521 3
522 1
523 7
524 6
525 16
526 9
527 6
528 4
529 4
530 3
531 5
532 12
533 2
534 2
535 6
536 2
537 3
538 1
539 2
540 3
541 4
542 3
543 8
544 3
545 4
546 5
547 3
548 2
549 8
550 7
551 10
552 3
553 11
554 8
555 4
556 5
557 3
558 3
559 4
560 1
561 4
562 4
563 3
564 3
565 3
566 2
567 4
568 4
569 10
570 2
571 6
572 7
573 2
575 5
576 2
577 3
578 1
579 2
580 2
581 2
583 4
584 1
586 2
587 1
588 3
589 1
590 1
591 1
592 3
593 4
595 2
597 1
600 2
602 2
603 1
604 1
605 1
609 1
615 1
618 1
622 1
627 1
634 1
638 1
651 1
657 1
658 1
662 1
667 1
668 1
670 1
672 1
673 1
674 1
676 1
679 1
680 1
685 1
688 1
690 1
693 1
697 1
698 1
699 1
701 2
703 1
705 1
713 1
715 1
716 1
720 2
722 1
723 1
725 1
726 2
740 1
768 1
789 1
795 1
798 1
802 1
807 1
809 1
812 1
814 1
820 1
829 1
851 1
860 1
897 1
898 1
900 1
902 1
904 1
905 1
906 1
907 1
915 1
922 1
924 1
926 1
928 1
929 1
931 1
935 1
938 1
942 1
943 1
947 1
950 1
951 1
953 1
956 1
960 2
962 1
963 1
965 2
966 1
967 1
968 2
969 1
971 1
973 1
974 2
978 1
981 1
982 2
984 2
986 1
987 1
988 2
989 1
991 1
992 1
993 1
995 1
998 1
999 1
1000 1
1002 1
1003 1
1006 1
1012 2
1014 1
1015 2
1018 1
1023 2
1026 2
1029 2
1031 1
1033 1
1034 1
1035 1
1040 1
1042 1
1043 1
1044 2
1047 1
1048 2
1050 1
1053 1
1058 1
1061 1
1063 1
1064 1
1066 2
1069 1
1073 1
1081 2
1082 1
1085 1
1088 1
1089 1
1090 1
1091 1
1092 1
1093 1
1095 1
1138 1
1149 1
1172 1
1186 1
1479 1
1482 1
1486 1
1525 1
1530 1
1533 1
1537 1
1542 1
1545 1
1549 1
1557 1
1560 1
1564 1
1659 1
1689 1
1959 1
1990 1
2190 1
2687 1
2728 1
2781 1
2831 1
2894 1
2925 1
2957 1
3310 1
3351 1
3831 1
3888 1
4058 1
4136 1
4273 1
4310 1
4547 1
4769 1
4991 1
5175 1
5217 1
5319 1
5360 1
5401 1
5443 1
5591 1
5890 1
5941 1
6614 1
6756 1
7027 1
7278 1
7357 1
7700 1
8799 1
9063 1
9130 1
9170 1
9233 1
9817 1
9893 1
9946 1
9989 1
10505 1
10569 1
10974 1
11017 1
11118 1
11296 1
11564 1
11809 1
11949 1
12219 1
12657 1
12733 1
12824 1
12877 1
12995 1
13148 1
13257 1
13438 1
13513 1
13604 1
13915 1
14194 1
14234 1
14299 1
14366 1
14421 1
14487 1
14663 1
15994 1
16047 1
16252 1
16305 1
16552 1
16649 1
16725 1
17126 1
17286 1
17409 1
17476 1
17624 1
17714 1
19078 1
