194 1
195 1
196 4
197 15
198 28
199 42
200 78
201 208
202 441
203 742
204 901
205 1448
206 2480
207 4337
208 6471
209 8456
210 11451
211 13553
212 17152
213 19911
214 23108
215 26876
216 26123
217 26597
218 25514
219 23538
220 21108
221 19712
222 16718
223 13545
224 13010
225 10336
226 8890
227 8132
228 7967
229 6841
230 6561
231 5897
232 5328
233 5275
234 4932
235 4952
236 4135
237 4171
238 4114
239 3763
240 3692
241 3622
242 2962
243 2686
244 2722
245 2626
246 2609
247 2472
248 2283
249 2249
250 1847
251 1688
252 1645
253 1369
254 1320
255 1460
256 1310
257 1135
258 1017
259 1032
260 1086
261 1151
262 1171
263 1190
264 1102
265 1163
266 955
267 950
268 888
269 1057
270 931
271 1033
272 809
273 956
274 766
275 877
276 748
277 592
278 589
279 648
280 505
281 655
282 658
283 612
284 694
285 549
286 495
287 498
288 389
289 348
290 300
291 374
292 332
293 442
294 385
295 389
296 347
297 382
298 474
299 358
300 313
301 260
302 218
303 193
304 240
305 301
306 322
307 386
308 229
309 181
310 227
311 259
312 328
313 275
314 280
315 155
316 168
317 242
318 194
319 151
320 176
321 138
322 147
323 248
324 211
325 142
326 169
327 184
328 214
329 166
330 205
331 196
332 204
333 192
334 187
335 115
336 99
337 61
338 87
339 118
340 150
341 148
342 118
343 156
344 150
345 90
346 100
347 102
348 99
349 92
350 112
351 65
352 82
353 81
354 79
355 103
356 137
357 114
358 78
359 68
360 109
361 158
362 68
363 114
364 74
365 20
366 18
367 40
368 62
369 73
370 79
371 97
372 52
373 40
374 100
375 78
376 107
377 69
378 47
379 56
380 46
381 35
382 36
383 6
384 20
385 28
386 31
387 21
388 102
389 82
390 89
391 40
392 20
393 49
394 94
395 68
396 32
397 48
398 45
399 56
400 44
401 43
402 20
403 25
404 30
405 38
406 32
407 24
408 25
409 29
410 62
411 36
412 37
413 41
414 39
415 29
416 27
417 15
418 43
419 34
420 25
421 34
422 19
423 16
424 4
425 2
426 8
427 16
428 39
429 26
430 30
431 43
432 15
433 9
434 13
435 31
436 38
437 35
438 45
439 42
440 39
441 16
442 12
443 17
444 16
445 6
446 14
447 11
448 7
449 12
450 12
451 24
452 29
453 9
454 6
455 14
456 23
457 41
458 29
459 25
460 21
461 23
462 16
463 22
464 8
465 11
466 11
467 22
468 12
469 11
470 11
471 8
472 13
473 5
474 7
475 16
476 6
477 11
478 22
479 21
480 23
481 17
482 21
483 10
484 10
485 4
486 3
487 5
488 4
489 5
490 7
491 7
492 5
493 2
494 6
495 8
496 5
497 3
498 8
499 7
500 18
501 12
502 16
503 17
504 11
505 9
506 11
507 9
508 14
509 22
510 14
511 22
512 5
513 3
514 5
515 4
516 7
517 4
518 10
519 6
520 5
521 4
522 3
523 3
524 12
525 13
526 3
527 4
528 4
529 5
530 11
531 16
532 3
533 3
534 1
535 4
536 4
537 3
538 4
539 8
540 12
541 18
542 8
543 8
544 4
545 1
546 3
547 3
548 4
549 5
550 10
551 6
552 4
553 4
554 1
555 1
556 4
557 2
558 2
559 1
560 3
561 6
562 2
563 2
564 7
565 1
566 4
567 4
569 4
570 2
571 3
572 6
573 2
574 2
575 4
576 3
577 3
578 2
579 2
580 3
581 3
582 1
583 7
584 4
585 4
586 3
587 6
588 2
589 1
590 1
591 2
592 1
593 2
594 3
595 4
596 2
597 3
598 4
599 3
600 3
601 1
603 2
605 2
606 2
607 4
608 3
609 3
610 2
611 5
612 4
613 2
614 1
615 1
616 1
618 1
620 2
621 1
623 2
625 1
628 1
630 1
634 1
638 1
639 2
641 1
646 2
647 1
650 1
652 1
653 2
655 1
673 1
686 1
706 1
715 1
716 1
717 1
721 1
729 1
733 1
734 1
735 1
736 1
740 1
742 1
749 1
751 1
755 1
760 1
766 1
778 1
795 1
818 1
870 1
877 1
885 1
897 2
899 1
901 1
903 1
904 1
910 1
916 1
921 1
925 1
928 1
929 1
932 1
934 1
938 1
955 1
963 1
984 1
994 1
996 1
999 1
1006 1
1007 1
1009 1
1010 2
1011 1
1015 2
1020 1
1022 1
1026 2
1027 1
1031 1
1035 1
1037 2
1040 1
1043 2
1049 1
1052 1
1054 3
1056 1
1067 1
1072 1
1073 1
1074 1
1076 1
1078 1
1079 1
1081 1
1082 1
1083 1
1086 1
1093 1
1099 1
1104 1
1107 1
1115 1
1122 1
1135 1
1170 1
1196 1
1199 1
1203 1
1208 1
1216 1
1223 1
1227 1
1230 1
1250 1
1258 1
1271 1
1296 1
1316 1
1348 1
1360 1
1396 1
1407 1
1408 1
1409 1
1413 1
1415 1
1423 1
1426 1
1433 1
1438 1
1445 1
1450 1
1455 1
1462 1
1468 1
1477 1
1486 1
1493 1
1504 1
1512 1
1530 1
1547 1
1550 1
1552 1
1558 1
1560 1
1561 1
1564 1
1571 2
1574 1
1577 1
1579 1
1587 1
1591 1
1599 1
1601 1
1619 1
1631 1
1642 1
1647 1
1657 1
1665 1
1686 1
1689 1
1698 1
1703 1
1705 1
1708 1
1711 1
1712 1
1713 1
1714 1
1721 2
1727 2
1729 2
1731 1
1733 1
1735 2
1736 1
1738 1
1739 1
1740 1
1741 1
1744 1
1746 1
1748 1
1749 2
1750 1
1752 1
1755 1
1756 1
1762 1
1767 1
1778 1
1784 1
1792 1
2676 1
2727 1
3121 1
3199 1
3869 1
3874 1
3880 1
3887 1
3891 1
3894 1
3898 1
4322 1
4354 1
4387 1
4421 1
4456 1
4492 1
5740 1
5793 1
5950 1
6006 1
6311 1
6559 1
6938 1
6979 1
7020 1
7079 1
7096 1
7114 1
7132 1
7171 1
7203 1
7224 1
7246 1
7267 1
7294 1
7730 1
7771 1
7812 1
7878 1
8362 1
8421 1
9445 1
11076 1
11118 1
11175 1
11217 1
11559 1
11624 1
11732 1
11771 1
11833 1
11892 1
12236 1
13379 1
13493 1
13873 1
13939 1
14024 1
14487 1
14551 1
14941 1
15795 1
15859 1
17589 1
17692 1
19100 1
