191 1
193 3
194 3
195 4
196 9
197 20
198 22
199 49
200 109
201 144
202 260
203 606
204 1138
205 1884
206 3002
207 4496
208 6239
209 8284
210 10857
211 15908
212 19423
213 20697
214 24748
215 26472
216 24966
217 26135
218 26063
219 22181
220 20784
221 19359
222 17412
223 14890
224 11563
225 9848
226 8340
227 7239
228 7403
229 7335
230 7049
231 6317
232 5034
233 3881
234 3747
235 4245
236 4636
237 4583
238 4017
239 3653
240 3283
241 2967
242 2797
243 2834
244 3085
245 2912
246 2785
247 2745
248 2383
249 2097
250 1719
251 1738
252 1627
253 1666
254 1541
255 1470
256 1398
257 1235
258 1284
259 1203
260 1275
261 1417
262 1135
263 1239
264 1225
265 900
266 985
267 1023
268 881
269 752
270 924
271 999
272 681
273 528
274 729
275 846
276 736
277 484
278 391
279 542
280 660
281 728
282 700
283 429
284 443
285 514
286 438
287 470
288 622
289 486
290 352
291 395
292 483
293 330
294 339
295 317
296 440
297 442
298 320
299 310
300 225
301 341
302 428
303 312
304 189
305 191
306 160
307 302
308 340
309 263
310 225
311 150
312 171
313 148
314 205
315 359
316 352
317 221
318 197
319 141
320 154
321 137
322 160
323 264
324 282
325 165
326 154
327 142
328 133
329 121
330 137
331 57
332 112
333 109
334 154
335 122
336 159
337 218
338 222
339 200
340 158
341 84
342 93
343 108
344 177
345 143
346 76
347 56
348 65
349 81
350 131
351 124
352 110
353 77
354 64
355 62
356 65
357 86
358 71
359 103
360 121
361 115
362 78
363 97
364 83
365 109
366 61
367 54
368 36
369 25
370 24
371 35
372 69
373 109
374 133
375 97
376 84
377 95
378 77
379 61
380 34
381 22
382 22
383 24
384 29
385 53
386 69
387 57
388 65
389 65
390 54
391 43
392 48
393 43
394 38
395 17
396 24
397 81
398 64
399 30
400 61
401 54
402 66
403 52
404 35
405 27
406 40
407 9
408 16
409 12
410 17
411 42
412 23
413 42
414 51
415 39
416 56
417 43
418 59
419 35
420 26
421 23
422 12
423 10
424 9
425 19
426 30
427 20
428 26
429 19
430 14
431 16
432 16
433 25
434 61
435 35
436 17
437 23
438 22
439 31
440 44
441 25
442 19
443 7
444 10
445 14
446 13
447 16
448 16
449 9
450 18
451 23
452 20
453 13
454 27
455 42
456 18
457 10
458 7
459 9
460 12
461 29
462 20
463 17
464 23
465 12
466 8
467 12
468 20
469 7
470 7
471 7
472 6
473 10
474 7
475 7
476 10
477 16
478 22
479 15
480 22
481 14
482 9
483 9
484 13
485 5
486 9
487 22
488 8
489 4
490 11
491 5
492 7
493 8
494 5
495 12
496 5
497 11
498 5
499 13
500 13
501 14
502 16
503 29
504 12
505 15
506 10
507 8
508 5
509 14
510 4
511 7
512 4
514 1
515 2
516 3
517 10
518 10
519 12
520 13
521 9
522 9
523 5
524 5
525 3
526 3
527 7
528 2
529 4
530 3
531 3
532 2
533 3
534 4
536 6
537 3
538 3
539 1
540 10
541 5
542 4
543 4
544 2
545 5
546 2
547 2
548 6
549 4
550 2
551 3
552 5
553 7
554 5
555 7
556 2
557 2
558 1
559 3
560 7
561 4
562 1
563 3
564 1
565 1
567 1
570 1
571 1
573 1
574 1
576 1
578 1
579 1
581 1
582 2
588 2
591 1
592 1
594 1
598 2
599 1
602 2
605 1
606 1
608 1
609 1
611 1
613 1
615 1
617 1
620 1
621 1
625 2
626 1
627 1
631 2
633 1
635 1
639 1
650 1
657 1
659 1
660 1
662 1
663 1
666 1
670 1
674 1
682 1
687 1
690 1
692 1
695 1
696 1
698 1
701 1
703 2
708 1
711 1
714 1
716 1
719 1
723 1
732 1
742 1
748 1
750 1
751 1
752 1
754 1
757 1
762 1
770 1
775 1
783 1
800 1
809 1
828 1
830 1
831 2
837 1
838 1
846 1
851 1
852 1
856 1
857 1
858 1
862 1
906 1
921 1
943 1
944 1
947 1
952 1
954 1
961 1
966 1
973 1
983 1
1011 1
1015 1
1024 1
1036 1
1044 1
1053 1
1056 1
1060 1
1063 1
1064 2
1068 1
1070 1
1072 1
1083 1
1103 1
1106 2
1108 1
1109 1
1113 1
1117 1
1122 1
1125 2
1128 1
1130 1
1131 1
1132 1
1135 1
1137 1
1139 1
1140 1
1152 1
1164 1
1171 1
1175 1
1180 1
1187 1
1189 1
1192 1
1196 1
1206 1
1209 1
1212 1
1214 1
1219 1
1224 1
1231 1
1236 1
1240 1
1263 1
1272 1
1286 1
1302 1
1321 1
1397 1
1423 1
1499 1
1573 1
1596 1
1625 1
1646 1
1710 1
1754 1
1778 1
1807 1
1846 1
2029 1
2030 1
2032 1
2034 1
2039 1
2043 1
2045 1
2047 1
2050 2
2052 2
2053 1
2054 1
2060 1
2061 1
2062 1
2064 1
2067 1
2074 1
2077 2
2078 1
2079 1
2081 1
2082 1
2083 1
2086 1
2087 1
2088 1
2089 1
2090 1
2092 2
2093 1
2094 2
2096 1
2098 1
2100 2
2105 1
2106 1
2108 2
2112 1
2116 1
2120 1
2122 2
2123 1
2125 1
2127 1
2130 2
2132 2
2134 1
2136 1
2137 1
2138 1
2139 1
2141 1
2142 1
2144 1
2145 1
2146 1
2147 1
2149 1
2151 1
2154 1
2159 1
2163 1
2164 1
2170 1
2175 1
2180 1
2184 1
2186 4
2187 1
2190 1
2191 1
2192 1
2196 1
2197 1
2199 1
2202 2
2203 2
2205 1
2208 1
2209 2
2211 3
2214 1
2215 1
2217 2
2220 1
2221 1
2301 1
2303 2
2306 1
2307 1
2309 1
2312 1
2316 1
2320 1
2321 1
2323 1
2326 1
2327 1
2365 1
3618 1
4918 1
4931 1
4953 1
5012 1
5031 1
5037 1
5044 1
5051 1
5067 1
5099 1
5114 1
5138 1
6322 1
7403 1
7444 1
7483 1
7575 1
7637 1
7708 1
9078 1
9162 1
10845 1
11926 1
12002 1
12077 1
13357 1
13376 1
13393 1
13499 1
14356 1
14397 1
14438 1
14497 1
15398 1
16535 1
16583 1
16633 1
19125 1
