187 1
188 1
189 4
190 1
191 6
192 14
193 30
194 36
195 24
196 24
197 29
198 39
199 81
200 229
201 353
202 378
203 549
204 1123
205 1933
206 2971
207 4080
208 6202
209 8746
210 12277
211 16202
212 19558
213 21724
214 23423
215 25078
216 26240
217 25375
218 24651
219 23225
220 20628
221 18089
222 15616
223 13518
224 11912
225 10807
226 9607
227 8498
228 7887
229 7206
230 6568
231 6315
232 5979
233 5380
234 4944
235 4975
236 4640
237 4105
238 3855
239 3539
240 3539
241 3119
242 3044
243 2782
244 2669
245 2645
246 2421
247 2129
248 2082
249 2093
250 1912
251 1751
252 1688
253 1617
254 1642
255 1394
256 1193
257 1201
258 1121
259 1315
260 1416
261 1213
262 1122
263 1024
264 1106
265 1053
266 1049
267 1039
268 908
269 838
270 768
271 845
272 821
273 631
274 715
275 793
276 746
277 549
278 439
279 657
280 589
281 695
282 544
283 462
284 453
285 445
286 492
287 465
288 423
289 367
290 410
291 381
292 292
293 292
294 377
295 393
296 320
297 412
298 474
299 332
300 342
301 290
302 216
303 252
304 208
305 214
306 275
307 331
308 277
309 269
310 169
311 200
312 252
313 246
314 192
315 236
316 107
317 113
318 159
319 195
320 201
321 187
322 194
323 152
324 149
325 154
326 166
327 182
328 145
329 72
330 94
331 239
332 208
333 144
334 104
335 140
336 139
337 122
338 104
339 137
340 124
341 145
342 102
343 99
344 95
345 130
346 115
347 136
348 125
349 66
350 60
351 48
352 62
353 45
354 50
355 92
356 61
357 68
358 145
359 181
360 118
361 87
362 80
363 70
364 37
365 20
366 19
367 23
368 28
369 39
370 23
371 56
372 50
373 53
374 46
375 35
376 33
377 69
378 81
379 63
380 60
381 83
382 69
383 43
384 36
385 40
386 41
387 32
388 26
389 23
390 37
391 47
392 86
393 52
394 29
395 25
396 16
397 28
398 34
399 47
400 40
401 40
402 40
403 30
404 21
405 23
406 37
407 10
408 16
409 40
410 61
411 28
412 16
413 21
414 24
415 53
416 44
417 25
418 23
419 35
420 39
421 24
422 12
423 21
424 10
425 16
426 15
427 28
428 13
429 9
430 15
431 7
432 17
433 26
434 25
435 30
436 40
437 39
438 25
439 16
440 8
441 7
442 14
443 7
444 14
445 41
446 23
447 35
448 10
449 11
450 8
451 14
452 19
453 11
454 16
455 16
456 21
457 23
458 16
459 7
460 9
461 7
462 12
463 13
464 4
465 3
466 4
467 4
468 2
469 7
470 4
471 7
472 10
473 9
474 7
475 10
476 9
477 6
478 9
479 11
480 12
481 17
482 6
483 7
484 12
485 9
486 5
487 9
488 6
489 10
490 7
491 10
492 9
493 7
494 8
495 13
496 3
497 9
498 7
499 16
500 4
501 7
502 3
503 2
504 3
505 4
506 2
507 2
508 7
509 3
510 3
511 5
512 4
513 2
514 6
515 6
516 3
517 1
518 3
519 5
520 2
521 3
522 3
523 4
524 1
525 3
526 2
527 2
528 1
529 1
530 2
532 1
533 4
534 1
535 1
537 3
538 4
539 1
540 2
541 3
542 4
543 4
544 3
545 2
546 1
547 1
548 3
549 10
550 6
551 3
552 6
553 6
554 1
555 8
556 5
557 1
558 2
559 1
560 2
561 1
562 1
566 1
568 1
571 1
576 1
578 1
581 1
586 1
590 1
594 1
597 1
600 1
601 1
603 1
606 2
609 2
611 1
614 1
615 1
618 1
622 1
623 1
626 1
632 1
634 2
636 2
638 1
639 1
641 1
642 1
643 2
644 1
646 1
648 1
652 1
654 1
656 1
661 1
662 1
664 1
665 1
667 1
670 1
675 1
676 1
677 3
679 1
682 1
685 1
691 1
696 1
698 1
701 1
703 1
706 1
707 1
710 2
712 1
714 2
722 1
735 1
739 1
742 1
745 1
751 1
763 1
775 1
780 1
791 1
801 1
802 1
804 1
807 1
808 1
810 1
813 1
814 1
816 1
818 1
819 1
822 1
826 1
827 2
829 1
840 1
845 1
849 1
852 1
856 1
861 1
863 1
868 1
869 1
873 1
900 1
902 1
904 2
905 1
908 1
919 1
933 1
949 1
951 1
953 1
964 1
966 1
971 1
976 1
983 1
999 1
1016 1
1019 1
1022 1
1026 1
1030 1
1034 1
1050 1
1085 1
1102 1
1112 1
1141 1
1155 1
1176 1
1190 1
1204 1
1223 1
1229 1
1230 1
1232 1
1233 1
1235 1
1236 1
1238 1
1241 1
1244 1
1246 1
1252 1
1255 1
1258 2
1259 1
1262 1
1269 1
1274 1
1287 1
1300 1
1301 1
1302 1
1303 1
1313 1
1314 1
1316 2
1318 2
1319 1
1320 1
1321 1
1322 1
1323 1
1324 1
1325 1
1332 1
1344 1
1346 1
1347 1
1349 1
1350 1
1352 1
1353 2
1356 1
1359 1
1363 1
1368 1
1370 1
1372 1
1374 1
1376 1
1378 1
1379 2
1381 1
1383 1
1386 1
1392 1
1395 2
1397 1
1403 1
1407 1
1408 1
1410 1
1411 1
1412 1
1413 1
1414 2
1416 1
1419 1
1421 1
1424 1
1426 3
1429 1
1433 1
1438 1
1440 1
1450 1
1459 2
1462 2
1463 1
1477 1
1485 1
1493 1
2226 1
2228 1
2232 1
2234 2
2236 1
2237 1
2242 1
2248 1
2250 1
2252 1
2253 1
2254 1
2268 1
2271 1
2273 1
2277 1
2280 1
2284 1
2289 1
2296 1
2303 1
2311 1
2320 1
3780 1
3820 1
4167 2
4170 1
4175 1
4178 1
4180 1
4182 1
4187 2
4189 1
4192 1
4193 2
4195 2
4198 2
4199 1
4202 1
4203 1
4204 1
4207 1
4210 1
4214 1
4217 1
4221 2
4222 1
4223 1
4225 1
4228 1
4229 1
4230 1
4231 1
4232 1
4235 1
4236 1
4238 1
4239 1
4250 1
4266 1
6456 1
8891 1
8919 1
8945 1
8947 1
8950 1
8951 1
8952 1
8953 1
8954 2
8963 1
8972 2
8985 1
11075 1
11114 1
15878 1
15919 1
19220 1
