112 1
113 2
114 12
115 14
116 42
117 130
118 303
119 727
120 1772
121 3347
122 5941
123 10264
124 16523
125 24097
126 33479
127 43385
128 52247
129 58746
130 61679
131 62319
132 58357
133 52418
134 45435
135 38638
136 32766
137 27251
138 23130
139 19588
140 17412
141 15403
142 13921
143 13342
144 12787
145 12115
146 11750
147 11128
148 10323
149 9427
150 9217
151 8407
152 7565
153 7189
154 6757
155 6174
156 5905
157 5606
158 5418
159 5147
160 4769
161 4394
162 4016
163 3863
164 3826
165 3638
166 3602
167 3343
168 3215
169 2832
170 2535
171 2182
172 2277
173 2305
174 2353
175 2539
176 2442
177 2567
178 2636
179 2366
180 2084
181 1713
182 1639
183 1759
184 1691
185 1807
186 1727
187 1689
188 1690
189 1571
190 1337
191 1142
192 1163
193 1179
194 1224
195 1116
196 1208
197 1166
198 1065
199 1067
200 938
201 953
202 885
203 851
204 813
205 724
206 783
207 664
208 856
209 820
210 913
211 843
212 718
213 703
214 680
215 640
216 526
217 492
218 470
219 491
220 480
221 509
222 561
223 492
224 652
225 598
226 539
227 591
228 558
229 477
230 350
231 330
232 270
233 238
234 278
235 238
236 332
237 323
238 450
239 487
240 485
241 493
242 447
243 336
244 327
245 269
246 250
247 200
248 202
249 161
250 265
251 264
252 257
253 243
254 296
255 377
256 285
257 266
258 260
259 243
260 215
261 190
262 129
263 95
264 129
265 159
266 138
267 159
268 210
269 220
270 208
271 205
272 261
273 210
274 236
275 173
276 161
277 150
278 119
279 94
280 85
281 116
282 101
283 74
284 92
285 136
286 122
287 148
288 151
289 210
290 160
291 186
292 84
293 104
294 124
295 81
296 66
297 79
298 69
299 58
300 60
301 56
302 59
303 90
304 89
305 85
306 118
307 144
308 144
309 107
310 124
311 93
312 106
313 76
314 73
315 74
316 38
317 45
318 38
319 54
320 63
321 56
322 54
323 60
324 68
325 77
326 98
327 79
328 77
329 60
330 77
331 93
332 70
333 69
334 45
335 38
336 40
337 30
338 23
339 23
340 19
341 36
342 21
343 32
344 35
345 55
346 74
347 79
348 60
349 94
350 94
351 65
352 34
353 43
354 31
355 29
356 29
357 25
358 22
359 19
360 17
361 21
362 11
363 27
364 21
365 26
366 36
367 29
368 43
369 55
370 73
371 66
372 35
373 59
374 37
375 39
376 27
377 29
378 27
379 17
380 24
381 10
382 16
383 16
384 19
385 22
386 25
387 23
388 24
389 29
390 29
391 26
392 28
393 47
394 47
395 26
396 24
397 26
398 32
399 13
400 18
401 17
402 20
403 4
404 6
405 5
406 6
407 11
408 3
409 10
410 9
411 14
412 34
413 27
414 28
415 28
416 25
417 26
418 43
419 35
420 18
421 8
422 12
423 9
424 10
425 5
426 7
427 7
428 3
429 10
430 3
431 3
432 3
433 7
434 12
435 11
436 10
437 16
438 15
439 17
440 17
441 15
442 21
443 40
444 24
445 17
446 6
447 5
448 3
449 6
450 3
451 1
452 3
453 1
454 3
455 2
456 2
457 7
458 3
459 1
460 6
461 5
462 8
463 22
464 21
465 28
466 11
467 20
468 5
469 8
470 5
471 7
472 5
473 5
474 1
475 3
476 3
477 6
478 5
479 2
480 3
481 2
482 4
483 4
484 2
485 6
486 2
487 8
488 3
489 6
490 10
491 9
492 12
493 20
494 11
495 5
496 2
497 8
498 4
499 2
500 3
501 2
502 3
503 4
504 3
505 2
506 5
507 2
508 2
509 3
510 2
511 5
512 4
513 4
514 6
515 4
516 13
517 7
518 9
519 11
520 7
521 7
522 5
523 3
524 1
525 6
526 3
527 2
528 1
529 3
530 3
531 3
532 4
533 3
534 1
535 1
536 4
537 1
538 2
539 3
540 3
541 3
542 2
543 5
544 4
545 4
546 3
547 2
548 6
549 2
550 5
551 3
552 4
553 2
554 2
555 2
556 3
558 2
559 1
560 2
562 1
563 2
564 2
565 2
566 3
567 2
568 2
569 2
570 3
571 4
572 3
573 3
574 3
575 4
576 2
577 2
578 4
579 3
580 3
581 1
582 2
583 1
584 2
585 2
586 4
587 2
588 2
589 2
590 1
592 2
594 3
595 3
596 2
597 3
598 2
599 2
600 1
601 2
603 2
604 1
605 2
606 1
607 2
608 2
609 2
611 1
612 1
613 1
615 1
618 1
619 1
621 1
626 1
627 1
628 1
630 1
634 2
635 1
636 2
637 1
638 1
640 1
641 1
643 2
653 1
659 1
667 1
677 1
681 1
686 1
692 1
696 1
700 1
702 1
704 1
705 1
708 1
712 1
717 1
722 1
725 1
729 1
732 1
736 1
743 1
746 1
752 1
762 1
785 1
798 1
808 1
823 1
843 1
881 1
903 1
949 1
950 1
951 1
954 1
957 1
959 1
965 1
969 1
972 2
973 1
976 1
983 1
987 1
990 2
991 1
993 1
1000 1
1004 1
1006 2
1009 1
1012 3
1013 1
1015 1
1018 1
1021 1
1025 1
1029 1
1044 1
1055 1
1073 1
1101 1
1113 1
1129 1
1138 1
1148 1
1157 1
1168 1
1180 1
1240 1
1250 1
1262 1
1273 1
1285 1
1298 1
1334 1
1347 1
1374 1
1403 1
1439 1
1441 1
1442 1
1444 1
1451 1
1456 1
1459 1
1462 1
1476 1
1481 1
1487 1
1499 1
1525 1
1581 1
1598 1
1627 1
1649 1
1731 1
1769 1
1793 1
1833 1
1865 1
2007 1
2638 1
2746 1
2780 1
2815 1
2905 1
3048 1
3095 1
3174 1
3302 1
3521 1
3570 1
3616 1
4225 1
4293 1
4659 1
4960 1
5328 1
5447 1
5504 1
5549 1
5672 1
5753 1
5802 1
5844 1
5923 1
6037 1
6193 1
6473 1
6568 1
6712 1
6773 1
6873 1
7030 1
7150 1
7704 1
7760 1
7841 1
8069 1
8347 1
8388 1
8467 1
8580 1
8671 1
8964 1
9089 1
9166 1
9222 1
9281 1
9342 1
9411 1
9667 1
9780 1
9974 1
10138 1
10197 1
10279 1
11151 1
