111 2
112 2
113 7
114 36
115 79
116 94
117 130
118 309
119 843
120 2069
121 3372
122 6276
123 10656
124 16503
125 24726
126 34194
127 43941
128 52842
129 62114
130 61740
131 57693
132 55628
133 50036
134 44508
135 40471
136 34767
137 27952
138 23102
139 20570
140 18283
141 16105
142 14730
143 13523
144 12699
145 11988
146 11514
147 10926
148 10304
149 9414
150 8850
151 8460
152 7623
153 7057
154 6712
155 6467
156 6125
157 5968
158 5584
159 4887
160 4540
161 4330
162 3919
163 3743
164 3764
165 3527
166 3390
167 3227
168 2890
169 2608
170 2378
171 2122
172 2098
173 2426
174 2316
175 2145
176 2629
177 2402
178 2407
179 2309
180 1922
181 1845
182 1765
183 1700
184 1503
185 1585
186 1892
187 1710
188 1473
189 1435
190 1622
191 1256
192 1236
193 1047
194 915
195 1170
196 1305
197 1033
198 1149
199 1090
200 916
201 947
202 1112
203 715
204 718
205 690
206 743
207 852
208 596
209 673
210 838
211 1004
212 660
213 668
214 525
215 581
216 572
217 526
218 411
219 378
220 390
221 525
222 647
223 685
224 682
225 431
226 463
227 393
228 464
229 390
230 336
231 377
232 238
233 325
234 241
235 216
236 247
237 394
238 475
239 539
240 489
241 549
242 437
243 264
244 210
245 194
246 221
247 161
248 216
249 297
250 245
251 188
252 226
253 202
254 263
255 291
256 281
257 248
258 267
259 234
260 306
261 172
262 112
263 148
264 159
265 166
266 267
267 245
268 158
269 266
270 259
271 153
272 205
273 157
274 171
275 110
276 94
277 97
278 168
279 134
280 101
281 76
282 106
283 122
284 67
285 119
286 259
287 95
288 112
289 154
290 121
291 129
292 132
293 129
294 100
295 108
296 137
297 85
298 82
299 97
300 66
301 39
302 54
303 85
304 57
305 93
306 80
307 95
308 106
309 104
310 77
311 94
312 132
313 86
314 78
315 93
316 62
317 62
318 38
319 73
320 39
321 37
322 69
323 46
324 57
325 59
326 78
327 81
328 28
329 67
330 110
331 81
332 94
333 62
334 48
335 49
336 55
337 43
338 30
339 37
340 17
341 24
342 20
343 21
344 40
345 43
346 78
347 103
348 90
349 123
350 55
351 27
352 46
353 29
354 28
355 17
356 18
357 15
358 21
359 26
360 31
361 33
362 28
363 33
364 22
365 24
366 43
367 41
368 41
369 42
370 45
371 39
372 24
373 30
374 20
375 13
376 20
377 21
378 30
379 18
380 19
381 24
382 16
383 26
384 12
385 32
386 26
387 20
388 22
389 18
390 18
391 33
392 28
393 40
394 30
395 17
396 18
397 15
398 30
399 22
400 25
401 18
402 10
403 20
404 11
405 10
406 10
407 5
408 10
409 16
410 10
411 13
412 21
413 16
414 28
415 30
416 28
417 32
418 52
419 29
420 21
421 24
422 17
423 19
424 3
425 15
426 11
427 8
428 6
429 7
430 7
431 5
432 7
433 8
434 17
435 15
436 10
437 9
438 11
439 9
440 18
441 18
442 17
443 24
444 16
445 6
446 11
447 7
448 8
449 6
450 14
451 10
452 4
453 3
454 5
455 5
456 6
457 7
458 2
459 7
460 3
461 8
462 9
463 14
464 12
465 6
466 4
467 11
468 12
469 16
470 6
471 12
472 9
473 5
474 11
475 5
476 4
477 7
478 2
479 4
480 3
481 4
482 6
483 4
484 6
485 9
486 4
487 4
488 12
489 11
490 6
491 6
492 11
493 9
494 7
495 13
496 3
497 11
498 3
499 3
500 5
501 3
502 6
503 2
504 5
505 2
506 2
507 4
508 4
509 3
510 3
511 5
512 4
513 4
514 6
515 5
516 5
517 3
518 11
519 2
520 4
521 9
522 11
523 10
524 7
525 3
526 1
527 2
528 1
529 4
530 2
531 3
532 3
533 1
534 2
535 2
536 3
537 2
538 1
539 3
540 2
541 4
542 2
543 3
544 2
545 8
546 4
547 5
548 9
549 2
550 4
551 3
552 9
553 4
554 3
555 2
556 2
557 4
558 2
560 7
561 3
562 1
563 3
564 2
565 2
566 3
567 1
568 3
569 5
570 4
571 2
572 3
573 2
574 2
575 1
576 3
577 1
578 4
579 2
580 1
581 1
582 1
583 1
584 2
585 2
586 3
587 2
588 1
589 1
590 2
591 2
592 6
593 1
594 2
595 2
596 2
597 1
598 3
599 1
600 2
601 2
602 2
603 2
605 1
606 2
607 1
609 2
610 2
611 2
612 2
615 1
616 2
617 2
619 1
620 1
621 2
623 1
624 1
625 2
626 1
632 1
633 1
634 1
637 1
638 1
641 1
645 1
646 1
647 1
651 1
653 1
655 1
657 1
660 1
661 1
662 1
663 2
665 1
670 1
678 1
680 1
681 1
684 1
686 1
688 1
690 1
691 1
695 1
697 1
699 1
702 2
704 1
707 1
714 1
717 1
723 1
725 1
727 2
729 1
731 1
733 1
734 2
736 1
737 1
741 1
743 1
744 1
747 1
750 1
752 1
754 1
759 1
762 1
765 2
772 1
778 1
788 1
793 1
795 1
802 1
805 1
808 1
809 1
811 1
812 1
813 1
815 2
822 1
823 1
82